1651 2 8100 1 4b0
2075
2056
2136
2098
2104
2090
2087
2091
2097
2089
2070
2095
2123
2092
2064
2071
2136
2082
2069
2116
2112
2080
2094
2098
2082
2077
2089
2092
2101
2085
2091
2097
2063
2102
2392
2095
2070
2175
2106
2087
2109
2091
2085
2094
2088
2111
2096
2091
2080
2080
2091
2104
2240
2103
2077
2106
2088
2125
2098
2101
2079
2090
2082
2086
2081
2078
2082
2101
2116
2107
2187
2079
2080
2043
2103
2088
2077
2073
2067
2089
2102
2098
2078
2078
2083
2083
2093
2094
2122
2100
2144
2132
2161
2165
2161
2143
2076
1987
1922
1849
1831
1858
1906
2020
2178
2162
2541
2636
2634
2569
2437
2200
1881
1541
1286
1147
1143
1302
1584
1954
2376
2815
3165
3077
3305
3106
2651
2246
1734
1245
865
682
732
972
1400
1905
2492
3023
3389
3551
3482
3128
2786
2228
1628
1086
672
550
603
889
1354
1920
2559
3126
3545
3701
3605
3341
2919
2259
1616
1003
574
340
408
762
1221
1869
2530
3172
3627
3845
3755
3480
2964
2313
1653
992
479
313
339
664
1196
1865
2552
3195
3669
3883
3819
3492
2955
2328
1605
950
795
253
290
744
1172
1812
2555
3205
3702
3913
3832
3534
3023
2364
1634
927
426
194
410
597
1127
1858
2554
3238
3701
3958
3895
3595
3057
2380
1659
958
423
177
218
538
1121
1786
2510
3187
3694
3986
3928
3622
3080
2420
1677
968
426
172
216
542
1041
1733
2516
3221
3733
3978
3903
3638
3133
2437
1680
958
426
156
182
503
1045
1724
2495
2999
3733
3979
3930
3643
3136
2437
1696
983
418
136
158
500
1030
1719
2478
3172
3742
3839
3965
3670
3084
2435
1691
966
427
122
161
460
1009
1713
2487
3211
3722
4006
3991
3594
3153
2457
1759
941
359
125
136
454
996
1706
2462
3196
3723
4017
3990
3712
3193
2413
1682
982
460
99
143
420
977
1705
2477
3193
3747
3997
3969
3702
3212
2472
1706
942
389
154
178
440
986
1679
2458
3194
3741
4037
3995
3688
3181
2485
1736
962
546
88
110
496
1010
1675
2459
3207
3701
4010
4013
3711
3197
2489
1711
987
422
120
166
425
969
1564
2466
3189
3726
4012
4006
3694
3191
2506
1731
994
426
110
121
436
1067
1659
2450
3122
3720
3993
4026
3707
3191
2493
1729
982
394
117
130
415
979
1675
0
0
0
0
0
0
0
0
0
0
0
0
0
0
0
0
0
0
0
0
0
0
0
0
0
0
0
0
0
0
0
0
0
0
0
0
0
0
0
0
0
0
0
0
0
0
0
0
0
0
0
0
0
0
0
0
0
0
0
0
0
0
0
0
0
0
0
0
0
0
0
0
0
0
0
0
0
0
0
0
0
0
0
0
0
0
0
0
0
0
0
0
0
0
0
0
0
0
0
0
0
0
0
0
0
0
0
0
0
0
0
0
0
0
0
0
0
0
0
0
0
0
0
0
0
0
0
0
0
0
0
0
0
0
0
0
0
0
0
0
0
0
0
0
0
0
0
0
0
0
0
0
0
0
0
0
0
0
0
0
0
0
0
0
0
0
0
0
0
0
0
0
0
0
0
0
0
0
0
0
0
0
0
0
0
0
0
0
0
0
0
0
16357
14107
22739
30192
16247
16637
4344
-22268
30613
21706
-32527
-28519
2513
-5029
9477
18690
24805
-19228
-28216
1826
-17524
-26918
-14214
-701
-20954
8112
27973
7356
-18443
19713
-14650
26478
31818
-12052
31148
-1540
-413
-7441
-2273
-4218
-27651
25032
7807
-27187
27485
-2727
-4242
-8743
2063
-27964
-9602
-8960
-8880
25870
27486
-27463
26465
16564
-186
10740
-9484
-8103
26055
-24685
-26182
9921
-26677
-14820
-129
-7271
-27087
-9866
28041
-11209
213
-2032
2290
-1156
-31644
-625
4353
-5200
22471
-16283
29977
23385
-32387
2089
-15339
17560
14748
1090
25498
-32726
-10240
2092
12782
-32560
-19951
7214
22335
-24344
-14475
-31734
-6707
-26634
29269
-27466
-16414
-16877
25484
14053
-387
-22684
-25399
-32540
-31425
-31112
23903
4521
-10573
-16683
30225
391
-19112
-31709
15529
-21140
-29417
19387
-769
-15786
-8780
29139
32703
-18595
-4018
21013
15472
18502
-30875
26414
26177
-17603
11294
-16027
-24242
17234
31877
-6736
30035
20556
-13378
916
24978
-7865
12476
17752
-26952
12788
-19148
4084
-11816
9578
7679
5149
-14351
23856
14271
11519
27840
15984
31159
22423
-1156
30660
13554
25855
-2863
-2380
-21161
3577
-28481
31177
-7200
9251
10919
13604
-28808
-16198
-18822
-11651
-27101
-28122
-20181
5646
-3257
1581
24416
-32765
23956
9841
-27582
25393
12358
10240
16875
-25720
-7838
14548
10466
17797
-25351
-6048
-14899
-18871
-17535
17461
22518
-27432
8121
-27428
-5161
-15226
-4745
-32740
-31375
9518
-1833
12512
32208
21041
3394
-2646
12581
-12240
20983
-32002
31708
-9873
-31234
17263
26931
-2049
-26882
23337
17613
20492
-8810
18260
-28818
1340
-20784
5226
-28875
-23669
1503
21915
29425
3411
30717
25939
-2505
-16997
-10233
17030
-6692
-25205
20074
-15071
-1648
-19065
-29243
12544
-22694
29011
-21927
-15406
24211
28132
-24883
-28285
-12225
4620
-26844
2369
21825
28929
-15893
5404
18168
-9180
-19034
-8575
-14079
28775
-11439
12550
-20685
28071
26902
-14868
30336
28484
4862
-5049
-2798
2285
22098
-22886
-12499
-25581
23897
16548
30073
-9743
13818
30029
30187
12484
31423
6714
-351
4726
-10741
17820
1501
-24522
-2440
-11442
18386
31904
-24797
-25377
-17929
-28307
-16941
28516
-8765
-7874
18081
17412
-2596
-15026
2770
617
15415
-22526
30662
9409
18847
9811
-31844
-26041
-9698
-14025
-12459
-12251
-21375
29970
-12425
-3839
13944
4919
-18507
-18451
22796
1915
27470
-31303
19774
1710
-13101
-297
-12923
-25656
-3497
-14447
-25828
18952
29100
-31281
-5799
15030
-179
-22550
-17085
-2493
-364
-14031
11555
10473
-24146
28384
26036
6836
29141
29187
-10134
31078
24003
-27548
-23265
-9589
18018
10653
23001
20141
5087
10192
29566
3669
30513
3456
-11209
12176
-2929
22645
13283
-4028
-26652
13221
-10537
-28283
-10701
-682
-15364
-17039
-15667
-22256
18039
11690
29532
14641
-704
-21147
10021
-28667
31470
-7701
-119
24661
-32019
20213
-20651
26016
-23627
11253
-537
17693
-1243
19674
3886
20040
-5871
-30390
-13124
1064
-4922
29706
-28562
29265
31833
18322
-23074
-11319
-10641
12360
23849
24928
7460
-15496
4529
-8868
-26273
-1888
-11599
-17793
-3915
-4989
29021
-24527
-8239
4936
-15194
1540
17541
6398
-691
28690
24161
-32350
-9296
-14166
689
25581
14192
-8915
13926
-7531
-22354
23366
16519
28080
7797
19142
-14607
14016
-28225
32280
-201
2576
-30253
27490
-18971
21765
9919
29102
3275
16919
27339
20149
26173
29837
5426
4115
13749
-3664
9720
4469
-17408
-1838
32392
-15069
-21839
1280
-8317
29541
-11034
5964
-11976
14950
-13353
3489
19967
24644
4965
27226
25700
28748
15886
-16272
18356
-11748
32434
454
32215
-3427
13755
-17466
-22696
-5691
26149
18800
-14375
-14749
31609
-18302
-4591
-3315
21629
6341
-23401
5493
-9837
-31485
20831
12099
10968
2310
-18115
2932
-732
-20216
25229
21505
21355
30673
-19202
1142
14895
17767
31016
-21543
-20603
-5167
-27514
-31228
1401
14816
