1651 2 8100 1 4b0
2089
2113
1936
2084
2076
2090
2101
2103
2116
2085
2094
2092
2070
2097
2101
2111
2103
2167
2082
2084
2117
2103
2069
2092
2096
2087
2096
2117
2086
2100
2100
2102
2078
2112
2047
2117
2082
2092
2104
2095
2083
2098
2104
2093
2079
2114
2090
2100
2106
2087
2092
2108
2238
2091
2077
2138
2086
2072
2098
2093
2088
2092
2091
2103
2091
2087
2097
2108
2118
2100
2118
2090
2092
2074
2086
2100
2093
2092
2056
2110
2116
2091
2078
2109
2092
2075
2084
2413
2151
2179
2181
2111
2120
2142
2059
1964
1869
1845
1853
1897
1969
2095
2249
2443
2581
2757
2649
2504
2356
2038
1737
1446
1223
1134
1192
1429
1746
2151
2616
2994
3254
3329
3200
2968
2520
2025
1505
1028
765
710
850
1177
1603
2178
2744
3201
3496
3554
3356
3022
2698
1988
1398
982
589
506
744
1110
1634
2231
2828
3301
3630
3712
3526
3150
2581
1977
1403
804
459
360
549
993
1527
2174
2836
3393
3740
3845
3651
3258
2689
1986
1330
1047
378
276
447
894
1467
2173
2876
3451
3789
3862
3694
3296
2692
2010
1289
718
349
361
431
855
1502
2181
2906
3476
3811
3905
3750
3357
2739
2002
1304
713
326
193
364
843
1432
2164
2892
3471
3843
3971
3753
3374
2780
2065
1334
695
288
180
362
789
1517
2125
2852
3472
3844
3949
3813
3418
2805
2067
1320
698
298
161
341
779
1372
2084
2881
3495
3874
4000
3805
3424
2827
2112
1362
708
233
137
323
727
1329
2087
2822
3655
3893
3997
3665
3450
2822
2137
1389
696
259
114
289
717
1330
2081
2821
3437
3874
4095
3862
3454
2912
2103
1334
700
279
114
260
698
1308
2070
2852
3472
3904
4010
3865
3492
2890
2140
1374
667
220
113
282
691
1276
2038
2811
3479
3938
4043
3882
3490
3034
2143
1381
773
221
70
263
701
1280
2036
2817
3465
3906
4046
3911
3489
2869
2119
1435
704
252
106
231
669
1305
2057
2801
3456
3900
4042
3899
3544
2894
2133
1386
995
228
97
301
682
1276
2010
2811
3478
3899
4044
3878
3497
2924
2154
1368
700
266
129
232
684
1269
1989
2804
3472
3903
4046
3893
3509
2876
2163
1403
714
249
89
238
644
1277
2013
2780
3443
3913
4042
3903
3502
2910
2151
1394
732
248
60
245
648
1329
2026
2804
3574
0
0
0
0
0
0
0
0
0
0
0
0
0
0
0
0
0
0
0
0
0
0
0
0
0
0
0
0
0
0
0
0
0
0
0
0
0
0
0
0
0
0
0
0
0
0
0
0
0
0
0
0
0
0
0
0
0
0
0
0
0
0
0
0
0
0
0
0
0
0
0
0
0
0
0
0
0
0
0
0
0
0
0
0
0
0
0
0
0
0
0
0
0
0
0
0
0
0
0
0
0
0
0
0
0
0
0
0
0
0
0
0
0
0
0
0
0
0
0
0
0
0
0
0
0
0
0
0
0
0
0
0
0
0
0
0
0
0
0
0
0
0
0
0
0
0
0
0
0
0
0
0
0
0
0
0
0
0
0
0
0
0
0
0
0
0
0
0
0
0
0
0
0
0
0
0
0
0
0
0
0
0
0
0
0
0
0
0
0
0
0
0
16357
10011
23795
30192
16247
16637
4536
10500
30613
5322
-32543
-28515
2449
-933
9477
19714
24773
13485
-28216
1826
-17620
-26918
-14214
-693
-20826
8112
27973
-25412
-18443
19713
-14650
26470
31810
-11544
32236
-1676
-413
-7441
-225
-4218
-27651
25036
7295
-18993
27485
-2727
-4498
-13863
2319
-32186
-9602
-8956
-8880
25870
27486
-27463
10017
17140
-4282
8692
-9484
-8103
25799
-25709
-26118
9921
-26677
-14820
-193
-7271
-27087
-9858
28041
-11241
213
-18416
2288
-1156
-31644
-625
4353
-5200
22471
-16283
29977
23385
-32387
2345
-15339
18072
15772
1090
25498
-31702
-10240
2092
12782
-32560
-19963
7210
30527
-24344
-14475
-13302
-2611
-26634
29269
-26954
-16446
-16869
25484
14309
-387
-22684
-25143
-32532
1343
-31112
19807
4521
-8269
-18747
30257
391
-19112
-31642
-16727
-22164
-29289
19385
-769
-14762
-8780
29139
32703
-18979
-2994
25141
-17295
18502
-30875
26414
26179
-25795
11294
16757
-24242
17234
31877
-6736
30034
28748
-13377
916
16794
-7865
12990
17756
-26952
12788
-19148
4084
-11816
9578
5631
5149
-10255
24496
14271
11775
27844
15984
31158
17941
-1412
30660
13554
25855
-2861
-2378
-21161
4089
-28481
31193
-23584
9255
10919
13604
-28804
-15942
-18822
-11651
-25053
-27994
-20357
5646
-3257
1581
22368
-32765
23940
9841
-27454
25457
12358
10240
16875
-25700
8482
10452
10466
17797
-17159
-6048
-14899
-18871
-17519
17469
-10506
-27432
16313
-27428
-5163
-14970
-4745
-32740
-31373
9518
-1577
12464
32208
24113
3906
-19014
13605
-12176
20983
-15618
31708
-9873
-31234
17263
26931
30655
-26882
23337
19661
20494
-8394
18260
3950
1340
-20752
5226
-28873
-7285
1439
21659
29425
3411
30717
25939
-2538
-16997
-10233
19094
-6692
-29303
20202
-15071
-1647
-19193
-29243
12544
-24230
29011
-26023
-15406
24211
28132
-8499
-28285
-12225
4620
-27100
2369
21845
28929
-15925
5404
18169
-13276
-23130
-8575
-14303
-3993
-11439
13062
-20685
27943
26903
-14870
30336
25924
22270
27653
-750
2285
22098
-22886
-12500
-29677
23897
17572
30073
-9799
13818
30029
30187
12484
31423
6202
-351
4726
-10741
17820
1501
-24522
-2440
-11442
18386
31872
-24797
-25377
-17929
-28307
-16937
20325
-8765
-7874
18081
17420
-2594
-15028
2770
872
15415
-22526
30662
9409
-13923
1619
-31844
-26041
-9570
-14025
-12459
-12249
-21375
30482
-12425
-3839
14072
4919
-18507
-18459
23308
1915
27470
-30791
18750
1710
-29485
-297
-14971
-25652
-3497
-12527
-25827
18952
29100
-31345
-5799
15030
-49
-22550
-17085
-2495
-364
-14031
11683
10473
-24146
28386
26036
6844
29141
29187
-10134
31078
24003
-27548
-23265
-9589
18034
10653
23001
-12628
991
10128
29054
3669
30577
11648
-11209
16272
-7153
22645
13283
-4028
-26652
12709
21718
-28283
-11725
-682
-15364
-17039
-15667
-22256
18039
11690
29516
14641
-704
-21147
9765
-28667
27238
-7702
-119
24693
-32083
20215
-20651
26016
-23627
12272
-537
17693
-3163
19674
1838
20040
-5871
-29366
-13124
1064
-5050
29698
-28562
29265
31833
18322
-23074
-9271
-10641
12360
23849
24928
7460
-15504
4531
30044
-26273
-10015
-11535
-17809
-3915
-4989
29021
-24271
-8239
6985
-15196
-32124
17541
6398
-691
28690
24161
-32342
-9584
-14166
17073
25581
14192
-8849
13926
-7467
-22356
23366
16519
28080
7797
19078
-14607
14016
-28257
32280
-201
2608
-30253
27488
-20027
21765
1711
29102
7371
16919
27343
20149
26173
29837
5426
4243
13749
-3664
-22536
4437
-17408
-1840
32392
-6877
-21839
1280
-8317
21349
-11034
22336
-11976
14950
-13353
3873
19967
8390
-27803
27162
-7067
25164
15630
-32656
17845
-11748
31922
454
32215
-3427
13467
-29758
-22696
-5692
30245
18800
-14375
-12685
31097
-1918
-5103
-3315
20605
15557
-23401
5495
-9837
-31485
22623
12099
10968
2310
-18147
7028
-732
-19192
25229
21505
21355
30673
-19202
1142
14895
-15001
31016
-21543
-21627
-5159
-27514
-31228
1529
6624
