1651 2 8100 1 4b0
2094
2060
2102
2077
2119
2071
2095
2074
2104
2093
2114
2095
2102
2077
2102
2098
2106
2080
2145
2130
2101
2069
2085
2107
2114
2105
2118
2068
2083
2109
2106
2087
2084
1959
2120
2108
1946
2080
2094
2089
2106
2085
2097
2101
2092
2086
2105
2093
2106
2087
2106
2142
2075
2092
2157
2098
2092
2091
2092
2088
2106
2108
2083
2087
2115
2096
2114
2125
2048
2112
2101
2088
2104
2093
2095
2078
2087
2076
2091
2093
2110
2077
2076
2088
2116
2084
2218
2121
2139
2236
2180
2126
2145
2129
2069
1947
1892
1838
1832
1894
1987
2086
2289
2477
2625
2661
2652
2523
2348
2023
1726
1431
1227
1153
1206
1414
1748
2178
2619
3023
3283
3496
3217
2922
2436
2012
1447
1028
765
707
860
1185
1638
2220
2809
3229
3476
3519
3368
3136
2524
1953
1419
867
614
571
763
1134
1625
2200
2839
3356
3661
3713
3515
3104
2568
1984
1346
776
429
361
586
993
1564
2214
2887
3422
3739
3818
3659
3240
2654
1974
1459
706
380
431
492
895
1506
2199
2913
3472
3812
3861
3689
3272
2663
1993
1278
686
348
231
470
910
1487
2219
2923
3471
3841
3921
3745
3289
2694
1982
1287
672
299
522
416
835
1409
2174
2896
3482
3873
3946
3765
3381
2759
2027
1298
671
278
167
386
885
1403
2149
2857
3455
3922
3970
3788
3386
2766
2029
1318
705
278
154
336
774
1408
2138
2884
3472
3874
3985
3828
3396
2792
2082
1332
680
272
167
331
747
1352
2108
3010
3485
3883
4095
3838
3416
2825
2092
1349
667
258
148
336
745
1350
2088
2829
3494
3943
4035
3825
3416
2811
2111
1382
682
267
92
258
745
1373
2076
2877
3480
3904
4095
3872
3460
2865
2093
1327
675
249
85
278
676
1329
2082
2882
3502
3914
4012
3847
3530
2879
2118
1360
667
244
103
272
704
1328
2071
2819
3497
3931
4056
3866
3453
2877
2121
1347
651
242
87
246
684
1329
2071
2840
3492
3901
4046
3905
3494
2868
2119
1382
675
253
188
249
675
1307
2064
2847
3488
3895
4036
3904
3496
2872
2101
1365
698
242
95
270
646
1289
2061
2846
3483
3907
4042
3881
3496
2896
2136
1379
687
243
420
273
674
1349
2028
2817
3460
3932
4069
3893
3486
2880
2139
1364
683
255
77
262
728
1299
2051
2891
3486
0
0
0
0
0
0
0
0
0
0
0
0
0
0
0
0
0
0
0
0
0
0
0
0
0
0
0
0
0
0
0
0
0
0
0
0
0
0
0
0
0
0
0
0
0
0
0
0
0
0
0
0
0
0
0
0
0
0
0
0
0
0
0
0
0
0
0
0
0
0
0
0
0
0
0
0
0
0
0
0
0
0
0
0
0
0
0
0
0
0
0
0
0
0
0
0
0
0
0
0
0
0
0
0
0
0
0
0
0
0
0
0
0
0
0
0
0
0
0
0
0
0
0
0
0
0
0
0
0
0
0
0
0
0
0
0
0
0
0
0
0
0
0
0
0
0
0
0
0
0
0
0
0
0
0
0
0
0
0
0
0
0
0
0
0
0
0
0
0
0
0
0
0
0
0
0
0
0
0
0
0
0
0
0
0
0
0
0
0
0
0
0
16357
10011
23795
30192
16247
16637
4536
10500
30613
5322
-32543
-28515
2449
-933
9477
19714
24773
13485
-28216
1826
-17620
-26918
-14214
-693
-20826
8112
27973
-25412
-18443
19713
-14650
26470
31810
-11544
32236
-1676
-413
-7441
-225
-4218
-27651
25036
7295
-18993
27485
-2727
-4498
-13863
2319
-32186
-9602
-8956
-8880
25870
27486
-27463
10017
17140
-4282
8692
-9484
-8103
25799
-25709
-26118
9921
-26677
-14820
-193
-7271
-27087
-9858
28041
-11241
213
-18416
2288
-1156
-31644
-625
4353
-5200
22471
-16283
29977
23385
-32387
2345
-15339
18072
15772
1090
25498
-31702
-10240
2092
12782
-32560
-19963
7210
30527
-24344
-14475
-13302
-2611
-26634
29269
-26954
-16446
-16869
25484
14309
-387
-22684
-25143
-32532
1343
-31112
19807
4521
-8269
-18747
30257
391
-19112
-31642
-16727
-22164
-29289
19385
-769
-14762
-8780
29139
32703
-18979
-2994
25141
-17295
18502
-30875
26414
26179
-25795
11294
16757
-24242
17234
31877
-6736
30034
28748
-13377
916
16794
-7865
12990
17756
-26952
12788
-19148
4084
-11816
9578
5631
5149
-10255
24496
14271
11775
27844
15984
31158
17941
-1412
30660
13554
25855
-2861
-2378
-21161
4089
-28481
31193
-23584
9255
10919
13604
-28804
-15942
-18822
-11651
-25053
-27994
-20357
5646
-3257
1581
22368
-32765
23940
9841
-27454
25457
12358
10240
16875
-25700
8482
10452
10466
17797
-17159
-6048
-14899
-18871
-17519
17469
-10506
-27432
16313
-27428
-5163
-14970
-4745
-32740
-31373
9518
-1577
12464
32208
24113
3906
-19014
13605
-12176
20983
-15618
31708
-9873
-31234
17263
26931
30655
-26882
23337
19661
20494
-8394
18260
3950
1340
-20752
5226
-28873
-7285
1439
21659
29425
3411
30717
25939
-2538
-16997
-10233
19094
-6692
-29303
20202
-15071
-1647
-19193
-29243
12544
-24230
29011
-26023
-15406
24211
28132
-8499
-28285
-12225
4620
-27100
2369
21845
28929
-15925
5404
18169
-13276
-23130
-8575
-14303
-3993
-11439
13062
-20685
27943
26903
-14870
30336
25924
22270
27653
-750
2285
22098
-22886
-12500
-29677
23897
17572
30073
-9799
13818
30029
30187
12484
31423
6202
-351
4726
-10741
17820
1501
-24522
-2440
-11442
18386
31872
-24797
-25377
-17929
-28307
-16937
20325
-8765
-7874
18081
17420
-2594
-15028
2770
872
15415
-22526
30662
9409
-13923
1619
-31844
-26041
-9570
-14025
-12459
-12249
-21375
30482
-12425
-3839
14072
4919
-18507
-18459
23308
1915
27470
-30791
18750
1710
-29485
-297
-14971
-25652
-3497
-12527
-25827
18952
29100
-31345
-5799
15030
-49
-22550
-17085
-2495
-364
-14031
11683
10473
-24146
28386
26036
6844
29141
29187
-10134
31078
24003
-27548
-23265
-9589
18034
10653
23001
-12628
991
10128
29054
3669
30577
11648
-11209
16272
-7153
22645
13283
-4028
-26652
12709
21718
-28283
-11725
-682
-15364
-17039
-15667
-22256
18039
11690
29516
14641
-704
-21147
9765
-28667
27238
-7702
-119
24693
-32083
20215
-20651
26016
-23627
12272
-537
17693
-3163
19674
1838
20040
-5871
-29366
-13124
1064
-5050
29698
-28562
29265
31833
18322
-23074
-9271
-10641
12360
23849
24928
7460
-15504
4531
30044
-26273
-10015
-11535
-17809
-3915
-4989
29021
-24271
-8239
6985
-15196
-32124
17541
6398
-691
28690
24161
-32342
-9584
-14166
17073
25581
14192
-8849
13926
-7467
-22356
23366
16519
28080
7797
19078
-14607
14016
-28257
32280
-201
2608
-30253
27488
-20027
21765
1711
29102
7371
16919
27343
20149
26173
29837
5426
4243
13749
-3664
-22536
4437
-17408
-1840
32392
-6877
-21839
1280
-8317
21349
-11034
22336
-11976
14950
-13353
3873
19967
8390
-27803
27162
-7067
25164
15630
-32656
17845
-11748
31922
454
32215
-3427
13467
-29758
-22696
-5692
30245
18800
-14375
-12685
31097
-1918
-5103
-3315
20605
15557
-23401
5495
-9837
-31485
22623
12099
10968
2310
-18147
7028
-732
-19192
25229
21505
21355
30673
-19202
1142
14895
-15001
31016
-21543
-21627
-5159
-27514
-31228
1529
6624
