1651 2 8100 1 4b0
2077
2097
2211
2121
2083
2056
2088
2116
2103
2086
2060
2109
2125
2095
2082
2093
2118
2105
2074
2099
2141
2085
2098
2100
2087
2102
2087
2102
2081
2102
2113
2109
2082
2074
2078
2115
2090
2079
2085
2073
2107
2101
2087
2104
2090
2096
2101
2107
2106
2065
2108
2124
2093
2108
2079
2101
2098
2055
2088
2086
2094
2092
2081
2088
2108
2102
2104
2109
2097
2086
2102
2076
2102
2122
2086
2080
2090
2080
2095
2094
2093
2104
2080
2080
2082
2076
2116
1905
2128
2166
2163
2166
2207
2142
2025
1964
1866
1827
1857
1896
1974
2093
2259
2446
2613
2698
2627
2508
2306
2024
1752
1450
1225
1148
1209
1429
1758
2164
2634
2994
3260
3316
3257
2931
2529
1842
1502
996
760
703
849
1192
1649
2213
2748
3229
3497
3541
3353
3029
2511
1970
1370
876
573
548
750
1131
1648
2238
2838
3326
3663
3692
3520
3129
2586
1857
1339
804
560
377
543
980
1547
2211
2869
3407
3733
3827
3645
3238
2662
2001
1317
620
363
321
462
911
1529
2189
2881
3479
3809
3877
3676
3261
2659
2003
1314
698
328
222
446
889
1501
2178
2916
3466
3841
3926
3737
3321
2704
1992
1293
677
311
222
441
810
1451
2294
2886
3500
3847
3947
3772
3362
2761
2042
1310
671
272
182
366
805
1390
2128
2872
3468
3869
3972
3795
3374
2767
2057
1323
702
280
167
341
775
1407
2375
2869
3468
3827
3964
3814
3396
2792
2060
1336
673
277
141
320
749
1331
2080
2864
3570
3884
4004
3870
3412
2818
2108
1359
683
256
122
310
726
1353
2088
2837
3487
3738
4006
3831
3483
2838
2082
1352
678
237
128
273
698
1339
2106
2861
3486
3897
4031
3740
3472
2840
2051
1333
651
254
92
258
683
1308
2073
2859
3488
3888
4023
3883
3496
2856
2118
1375
679
222
108
275
682
1292
2091
2844
3472
3896
4028
3876
3488
2881
1969
1344
648
302
121
278
682
1305
2051
2864
3479
3916
4025
3887
3487
2884
2135
1351
643
227
94
256
672
1297
2045
2819
3476
3936
4040
3878
3491
2899
2140
1374
678
537
98
263
706
1296
2028
2807
3470
3914
4059
3885
3491
2876
2132
1378
696
237
88
341
656
1286
2094
2827
3464
3919
4037
3885
3519
2879
2136
1400
694
220
72
290
623
1309
2054
2814
3465
0
0
0
0
0
0
0
0
0
0
0
0
0
0
0
0
0
0
0
0
0
0
0
0
0
0
0
0
0
0
0
0
0
0
0
0
0
0
0
0
0
0
0
0
0
0
0
0
0
0
0
0
0
0
0
0
0
0
0
0
0
0
0
0
0
0
0
0
0
0
0
0
0
0
0
0
0
0
0
0
0
0
0
0
0
0
0
0
0
0
0
0
0
0
0
0
0
0
0
0
0
0
0
0
0
0
0
0
0
0
0
0
0
0
0
0
0
0
0
0
0
0
0
0
0
0
0
0
0
0
0
0
0
0
0
0
0
0
0
0
0
0
0
0
0
0
0
0
0
0
0
0
0
0
0
0
0
0
0
0
0
0
0
0
0
0
0
0
0
0
0
0
0
0
0
0
0
0
0
0
0
0
0
0
0
0
0
0
0
0
0
0
16357
10011
23795
30192
16247
16637
4536
10500
30613
5322
-32543
-28515
2449
-933
9477
19714
24773
13485
-28216
1826
-17620
-26918
-14214
-693
-20826
8112
27973
-25412
-18443
19713
-14650
26470
31810
-11544
32236
-1676
-413
-7441
-225
-4218
-27651
25036
7295
-18993
27485
-2727
-4498
-13863
2319
-32186
-9602
-8956
-8880
25870
27486
-27463
10017
17140
-4282
8692
-9484
-8103
25799
-25709
-26118
9921
-26677
-14820
-193
-7271
-27087
-9858
28041
-11241
213
-18416
2288
-1156
-31644
-625
4353
-5200
22471
-16283
29977
23385
-32387
2345
-15339
18072
15772
1090
25498
-31702
-10240
2092
12782
-32560
-19963
7210
30527
-24344
-14475
-13302
-2611
-26634
29269
-26954
-16446
-16869
25484
14309
-387
-22684
-25143
-32532
1343
-31112
19807
4521
-8269
-18747
30257
391
-19112
-31642
-16727
-22164
-29289
19385
-769
-14762
-8780
29139
32703
-18979
-2994
25141
-17295
18502
-30875
26414
26179
-25795
11294
16757
-24242
17234
31877
-6736
30034
28748
-13377
916
16794
-7865
12990
17756
-26952
12788
-19148
4084
-11816
9578
5631
5149
-10255
24496
14271
11775
27844
15984
31158
17941
-1412
30660
13554
25855
-2861
-2378
-21161
4089
-28481
31193
-23584
9255
10919
13604
-28804
-15942
-18822
-11651
-25053
-27994
-20357
5646
-3257
1581
22368
-32765
23940
9841
-27454
25457
12358
10240
16875
-25700
8482
10452
10466
17797
-17159
-6048
-14899
-18871
-17519
17469
-10506
-27432
16313
-27428
-5163
-14970
-4745
-32740
-31373
9518
-1577
12464
32208
24113
3906
-19014
13605
-12176
20983
-15618
31708
-9873
-31234
17263
26931
30655
-26882
23337
19661
20494
-8394
18260
3950
1340
-20752
5226
-28873
-7285
1439
21659
29425
3411
30717
25939
-2538
-16997
-10233
19094
-6692
-29303
20202
-15071
-1647
-19193
-29243
12544
-24230
29011
-26023
-15406
24211
28132
-8499
-28285
-12225
4620
-27100
2369
21845
28929
-15925
5404
18169
-13276
-23130
-8575
-14303
-3993
-11439
13062
-20685
27943
26903
-14870
30336
25924
22270
27653
-750
2285
22098
-22886
-12500
-29677
23897
17572
30073
-9799
13818
30029
30187
12484
31423
6202
-351
4726
-10741
17820
1501
-24522
-2440
-11442
18386
31872
-24797
-25377
-17929
-28307
-16937
20325
-8765
-7874
18081
17420
-2594
-15028
2770
872
15415
-22526
30662
9409
-13923
1619
-31844
-26041
-9570
-14025
-12459
-12249
-21375
30482
-12425
-3839
14072
4919
-18507
-18459
23308
1915
27470
-30791
18750
1710
-29485
-297
-14971
-25652
-3497
-12527
-25827
18952
29100
-31345
-5799
15030
-49
-22550
-17085
-2495
-364
-14031
11683
10473
-24146
28386
26036
6844
29141
29187
-10134
31078
24003
-27548
-23265
-9589
18034
10653
23001
-12628
991
10128
29054
3669
30577
11648
-11209
16272
-7153
22645
13283
-4028
-26652
12709
21718
-28283
-11725
-682
-15364
-17039
-15667
-22256
18039
11690
29516
14641
-704
-21147
9765
-28667
27238
-7702
-119
24693
-32083
20215
-20651
26016
-23627
12272
-537
17693
-3163
19674
1838
20040
-5871
-29366
-13124
1064
-5050
29698
-28562
29265
31833
18322
-23074
-9271
-10641
12360
23849
24928
7460
-15504
4531
30044
-26273
-10015
-11535
-17809
-3915
-4989
29021
-24271
-8239
6985
-15196
-32124
17541
6398
-691
28690
24161
-32342
-9584
-14166
17073
25581
14192
-8849
13926
-7467
-22356
23366
16519
28080
7797
19078
-14607
14016
-28257
32280
-201
2608
-30253
27488
-20027
21765
1711
29102
7371
16919
27343
20149
26173
29837
5426
4243
13749
-3664
-22536
4437
-17408
-1840
32392
-6877
-21839
1280
-8317
21349
-11034
22336
-11976
14950
-13353
3873
19967
8390
-27803
27162
-7067
25164
15630
-32656
17845
-11748
31922
454
32215
-3427
13467
-29758
-22696
-5692
30245
18800
-14375
-12685
31097
-1918
-5103
-3315
20605
15557
-23401
5495
-9837
-31485
22623
12099
10968
2310
-18147
7028
-732
-19192
25229
21505
21355
30673
-19202
1142
14895
-15001
31016
-21543
-21627
-5159
-27514
-31228
1529
6624
