1651 2 8100 1 4b0
2115
2101
2083
2088
2086
2076
2093
2092
2094
2090
2068
2107
2120
2108
2025
2082
2071
2050
2113
2083
2083
2084
2087
2084
2116
2102
2098
2089
2076
2096
2104
2104
2107
2090
2118
2107
2107
2075
2110
2093
2094
2097
2075
2102
2094
2096
2088
2083
2082
1922
2125
2086
1911
2090
2083
2128
2105
2083
2112
2090
2064
2086
2111
2090
2084
2089
2111
2070
2107
2093
2108
2076
2076
2090
2105
2088
2085
2067
2082
2110
2088
2109
2060
2071
1955
2101
2078
2185
2149
2199
2195
2169
2147
2096
2059
1975
1878
1836
1830
1864
1962
2115
2151
2472
2593
2596
2624
2517
2340
2059
1735
1417
1204
1129
1237
1461
1746
2156
2590
2989
3251
3320
3254
2948
2496
2005
1506
1066
746
695
838
1195
1635
2220
2771
3194
3486
3335
3377
3004
2396
1949
1386
907
610
536
740
1131
1602
2233
2852
3360
3630
3686
3510
3079
2602
1970
1311
779
423
359
579
984
1521
2191
2862
3411
3757
3831
3610
3232
2542
2010
1287
791
361
291
490
918
1505
2192
2880
3429
3794
3880
3691
3252
2667
2007
1154
673
323
163
442
898
1506
2193
2884
3458
3846
3903
3725
3322
2722
1993
1304
676
299
224
430
838
1428
2157
2910
3499
3862
3957
3755
3340
2782
2070
1310
680
279
0
369
796
1282
2130
2898
3486
3874
3967
3776
3391
2777
2088
1335
684
260
170
347
728
1398
2107
2826
3457
3871
3995
3818
3411
2783
2077
1346
676
259
144
319
763
1304
2071
2852
3557
3882
3992
3830
3451
2837
2092
1348
695
263
127
302
734
1316
2088
2765
3477
3885
3978
3848
3436
2847
2115
1342
661
242
102
289
727
1341
2075
2842
3487
3887
4037
3915
3459
2832
2089
1371
685
222
99
242
683
1329
2080
2840
3485
3902
3956
3854
3459
2859
2154
1408
655
218
114
273
701
1299
2046
2844
3478
3933
4039
3879
3417
2860
2126
1340
683
244
70
266
693
1310
2050
2813
3472
3938
4043
3893
3487
2988
2110
1371
785
221
73
254
659
1284
2074
2834
3469
3878
4030
3900
3496
2883
2146
1380
677
210
59
263
674
1285
2041
2825
3476
3910
4023
3876
3509
2883
2147
1353
681
205
106
273
646
1282
2066
2823
3487
3912
4024
3899
3507
2909
2146
1358
710
256
253
233
657
1355
2043
2774
3473
0
0
0
0
0
0
0
0
0
0
0
0
0
0
0
0
0
0
0
0
0
0
0
0
0
0
0
0
0
0
0
0
0
0
0
0
0
0
0
0
0
0
0
0
0
0
0
0
0
0
0
0
0
0
0
0
0
0
0
0
0
0
0
0
0
0
0
0
0
0
0
0
0
0
0
0
0
0
0
0
0
0
0
0
0
0
0
0
0
0
0
0
0
0
0
0
0
0
0
0
0
0
0
0
0
0
0
0
0
0
0
0
0
0
0
0
0
0
0
0
0
0
0
0
0
0
0
0
0
0
0
0
0
0
0
0
0
0
0
0
0
0
0
0
0
0
0
0
0
0
0
0
0
0
0
0
0
0
0
0
0
0
0
0
0
0
0
0
0
0
0
0
0
0
0
0
0
0
0
0
0
0
0
0
0
0
0
0
0
0
0
0
16357
10011
23795
30192
16247
16637
4536
10500
30613
5322
-32543
-28515
2449
-933
9477
19714
24773
13485
-28216
1826
-17620
-26918
-14214
-693
-20826
8112
27973
-25412
-18443
19713
-14650
26470
31810
-11544
32236
-1676
-413
-7441
-225
-4218
-27651
25036
7295
-18993
27485
-2727
-4498
-13863
2319
-32186
-9602
-8956
-8880
25870
27486
-27463
10017
17140
-4282
8692
-9484
-8103
25799
-25709
-26118
9921
-26677
-14820
-193
-7271
-27087
-9858
28041
-11241
213
-18416
2288
-1156
-31644
-625
4353
-5200
22471
-16283
29977
23385
-32387
2345
-15339
18072
15772
1090
25498
-31702
-10240
2092
12782
-32560
-19963
7210
30527
-24344
-14475
-13302
-2611
-26634
29269
-26954
-16446
-16869
25484
14309
-387
-22684
-25143
-32532
1343
-31112
19807
4521
-8269
-18747
30257
391
-19112
-31642
-16727
-22164
-29289
19385
-769
-14762
-8780
29139
32703
-18979
-2994
25141
-17295
18502
-30875
26414
26179
-25795
11294
16757
-24242
17234
31877
-6736
30034
28748
-13377
916
16794
-7865
12990
17756
-26952
12788
-19148
4084
-11816
9578
5631
5149
-10255
24496
14271
11775
27844
15984
31158
17941
-1412
30660
13554
25855
-2861
-2378
-21161
4089
-28481
31193
-23584
9255
10919
13604
-28804
-15942
-18822
-11651
-25053
-27994
-20357
5646
-3257
1581
22368
-32765
23940
9841
-27454
25457
12358
10240
16875
-25700
8482
10452
10466
17797
-17159
-6048
-14899
-18871
-17519
17469
-10506
-27432
16313
-27428
-5163
-14970
-4745
-32740
-31373
9518
-1577
12464
32208
24113
3906
-19014
13605
-12176
20983
-15618
31708
-9873
-31234
17263
26931
30655
-26882
23337
19661
20494
-8394
18260
3950
1340
-20752
5226
-28873
-7285
1439
21659
29425
3411
30717
25939
-2538
-16997
-10233
19094
-6692
-29303
20202
-15071
-1647
-19193
-29243
12544
-24230
29011
-26023
-15406
24211
28132
-8499
-28285
-12225
4620
-27100
2369
21845
28929
-15925
5404
18169
-13276
-23130
-8575
-14303
-3993
-11439
13062
-20685
27943
26903
-14870
30336
25924
22270
27653
-750
2285
22098
-22886
-12500
-29677
23897
17572
30073
-9799
13818
30029
30187
12484
31423
6202
-351
4726
-10741
17820
1501
-24522
-2440
-11442
18386
31872
-24797
-25377
-17929
-28307
-16937
20325
-8765
-7874
18081
17420
-2594
-15028
2770
872
15415
-22526
30662
9409
-13923
1619
-31844
-26041
-9570
-14025
-12459
-12249
-21375
30482
-12425
-3839
14072
4919
-18507
-18459
23308
1915
27470
-30791
18750
1710
-29485
-297
-14971
-25652
-3497
-12527
-25827
18952
29100
-31345
-5799
15030
-49
-22550
-17085
-2495
-364
-14031
11683
10473
-24146
28386
26036
6844
29141
29187
-10134
31078
24003
-27548
-23265
-9589
18034
10653
23001
-12628
991
10128
29054
3669
30577
11648
-11209
16272
-7153
22645
13283
-4028
-26652
12709
21718
-28283
-11725
-682
-15364
-17039
-15667
-22256
18039
11690
29516
14641
-704
-21147
9765
-28667
27238
-7702
-119
24693
-32083
20215
-20651
26016
-23627
12272
-537
17693
-3163
19674
1838
20040
-5871
-29366
-13124
1064
-5050
29698
-28562
29265
31833
18322
-23074
-9271
-10641
12360
23849
24928
7460
-15504
4531
30044
-26273
-10015
-11535
-17809
-3915
-4989
29021
-24271
-8239
6985
-15196
-32124
17541
6398
-691
28690
24161
-32342
-9584
-14166
17073
25581
14192
-8849
13926
-7467
-22356
23366
16519
28080
7797
19078
-14607
14016
-28257
32280
-201
2608
-30253
27488
-20027
21765
1711
29102
7371
16919
27343
20149
26173
29837
5426
4243
13749
-3664
-22536
4437
-17408
-1840
32392
-6877
-21839
1280
-8317
21349
-11034
22336
-11976
14950
-13353
3873
19967
8390
-27803
27162
-7067
25164
15630
-32656
17845
-11748
31922
454
32215
-3427
13467
-29758
-22696
-5692
30245
18800
-14375
-12685
31097
-1918
-5103
-3315
20605
15557
-23401
5495
-9837
-31485
22623
12099
10968
2310
-18147
7028
-732
-19192
25229
21505
21355
30673
-19202
1142
14895
-15001
31016
-21543
-21627
-5159
-27514
-31228
1529
6624
