1651 2 8100 1 4b0
2100
2105
2095
2101
2078
2122
2111
2078
2089
2109
2068
2090
2102
2092
2106
2083
2085
2093
2102
2100
2087
2079
2078
2095
2250
2095
2079
2228
2089
2079
2092
2093
2102
2101
2096
2111
2085
2087
2090
2102
2111
2121
2110
2092
2101
2109
2123
2101
2079
2094
2088
2086
2112
2089
2090
2100
2075
2081
2105
2261
2098
2096
1970
2079
2069
2077
2116
2114
2092
2113
2080
2080
2085
2081
2073
2076
2085
2185
2111
2092
2115
2073
2076
2092
2080
2085
2091
2102
2143
2165
2179
2150
2145
2105
1853
1974
1899
1904
1856
1851
1948
2100
2292
2470
2595
2625
2633
2515
2332
2058
1739
1417
1058
1149
1217
1386
1757
2173
2603
2995
3270
3337
3227
2914
2524
2028
1483
1030
777
695
821
1175
1695
2207
2766
3192
3471
3544
3384
3031
2499
1945
1407
899
613
531
727
989
1628
2233
2930
3338
3641
3697
3541
3121
2596
1974
1335
786
455
353
557
998
1543
2191
2836
3421
3779
3836
3644
3253
2641
1992
1310
736
373
276
470
926
1505
2193
3141
3443
3780
3825
3694
3244
2687
2013
1281
705
330
252
442
882
1462
2182
2914
3477
3928
3919
3704
3365
2718
1996
1299
694
282
213
408
843
1445
2154
2864
3492
3869
3928
3801
3348
2729
2043
1314
680
299
169
365
812
1402
2117
2871
3461
3874
3967
3784
3485
2780
2068
1334
729
258
149
339
785
1353
2114
2873
3483
3875
3968
3796
3409
2824
2128
1325
682
302
179
309
745
1353
2112
2840
3444
3900
4004
3848
3456
2817
2115
1124
679
280
142
303
734
1347
2087
2843
3480
3873
4009
3851
3466
2848
2090
1338
666
217
102
264
679
1334
2095
2840
3487
3903
4018
3887
3469
2838
2124
1382
672
210
0
272
707
1380
2058
2832
3493
3900
4026
3893
3500
2871
2133
1335
675
250
119
241
585
1298
2040
2788
3489
3916
4022
3889
3515
2884
2137
1347
677
249
65
257
673
1325
2034
2812
3520
3898
4024
3893
3518
2882
2113
1354
704
244
94
244
652
1305
2057
2804
3476
3909
4095
3903
3513
2880
2140
1366
700
242
109
252
652
1288
2042
2826
3491
3888
4028
3905
3501
2862
2172
1384
675
237
95
251
682
1284
2036
2808
3461
3901
4095
3894
3503
2816
2118
1339
719
249
61
248
696
1256
2034
2837
3468
0
0
0
0
0
0
0
0
0
0
0
0
0
0
0
0
0
0
0
0
0
0
0
0
0
0
0
0
0
0
0
0
0
0
0
0
0
0
0
0
0
0
0
0
0
0
0
0
0
0
0
0
0
0
0
0
0
0
0
0
0
0
0
0
0
0
0
0
0
0
0
0
0
0
0
0
0
0
0
0
0
0
0
0
0
0
0
0
0
0
0
0
0
0
0
0
0
0
0
0
0
0
0
0
0
0
0
0
0
0
0
0
0
0
0
0
0
0
0
0
0
0
0
0
0
0
0
0
0
0
0
0
0
0
0
0
0
0
0
0
0
0
0
0
0
0
0
0
0
0
0
0
0
0
0
0
0
0
0
0
0
0
0
0
0
0
0
0
0
0
0
0
0
0
0
0
0
0
0
0
0
0
0
0
0
0
0
0
0
0
0
0
16357
10011
23795
30192
16247
16637
4536
10500
30613
5322
-32543
-28515
2449
-933
9477
19714
24773
13485
-28216
1826
-17620
-26918
-14214
-693
-20826
8112
27973
-25412
-18443
19713
-14650
26470
31810
-11544
32236
-1676
-413
-7441
-225
-4218
-27651
25036
7295
-18993
27485
-2727
-4498
-13863
2319
-32186
-9602
-8956
-8880
25870
27486
-27463
10017
17140
-4282
8692
-9484
-8103
25799
-25709
-26118
9921
-26677
-14820
-193
-7271
-27087
-9858
28041
-11241
213
-18416
2288
-1156
-31644
-625
4353
-5200
22471
-16283
29977
23385
-32387
2345
-15339
18072
15772
1090
25498
-31702
-10240
2092
12782
-32560
-19963
7210
30527
-24344
-14475
-13302
-2611
-26634
29269
-26954
-16446
-16869
25484
14309
-387
-22684
-25143
-32532
1343
-31112
19807
4521
-8269
-18747
30257
391
-19112
-31642
-16727
-22164
-29289
19385
-769
-14762
-8780
29139
32703
-18979
-2994
25141
-17295
18502
-30875
26414
26179
-25795
11294
16757
-24242
17234
31877
-6736
30034
28748
-13377
916
16794
-7865
12990
17756
-26952
12788
-19148
4084
-11816
9578
5631
5149
-10255
24496
14271
11775
27844
15984
31158
17941
-1412
30660
13554
25855
-2861
-2378
-21161
4089
-28481
31193
-23584
9255
10919
13604
-28804
-15942
-18822
-11651
-25053
-27994
-20357
5646
-3257
1581
22368
-32765
23940
9841
-27454
25457
12358
10240
16875
-25700
8482
10452
10466
17797
-17159
-6048
-14899
-18871
-17519
17469
-10506
-27432
16313
-27428
-5163
-14970
-4745
-32740
-31373
9518
-1577
12464
32208
24113
3906
-19014
13605
-12176
20983
-15618
31708
-9873
-31234
17263
26931
30655
-26882
23337
19661
20494
-8394
18260
3950
1340
-20752
5226
-28873
-7285
1439
21659
29425
3411
30717
25939
-2538
-16997
-10233
19094
-6692
-29303
20202
-15071
-1647
-19193
-29243
12544
-24230
29011
-26023
-15406
24211
28132
-8499
-28285
-12225
4620
-27100
2369
21845
28929
-15925
5404
18169
-13276
-23130
-8575
-14303
-3993
-11439
13062
-20685
27943
26903
-14870
30336
25924
22270
27653
-750
2285
22098
-22886
-12500
-29677
23897
17572
30073
-9799
13818
30029
30187
12484
31423
6202
-351
4726
-10741
17820
1501
-24522
-2440
-11442
18386
31872
-24797
-25377
-17929
-28307
-16937
20325
-8765
-7874
18081
17420
-2594
-15028
2770
872
15415
-22526
30662
9409
-13923
1619
-31844
-26041
-9570
-14025
-12459
-12249
-21375
30482
-12425
-3839
14072
4919
-18507
-18459
23308
1915
27470
-30791
18750
1710
-29485
-297
-14971
-25652
-3497
-12527
-25827
18952
29100
-31345
-5799
15030
-49
-22550
-17085
-2495
-364
-14031
11683
10473
-24146
28386
26036
6844
29141
29187
-10134
31078
24003
-27548
-23265
-9589
18034
10653
23001
-12628
991
10128
29054
3669
30577
11648
-11209
16272
-7153
22645
13283
-4028
-26652
12709
21718
-28283
-11725
-682
-15364
-17039
-15667
-22256
18039
11690
29516
14641
-704
-21147
9765
-28667
27238
-7702
-119
24693
-32083
20215
-20651
26016
-23627
12272
-537
17693
-3163
19674
1838
20040
-5871
-29366
-13124
1064
-5050
29698
-28562
29265
31833
18322
-23074
-9271
-10641
12360
23849
24928
7460
-15504
4531
30044
-26273
-10015
-11535
-17809
-3915
-4989
29021
-24271
-8239
6985
-15196
-32124
17541
6398
-691
28690
24161
-32342
-9584
-14166
17073
25581
14192
-8849
13926
-7467
-22356
23366
16519
28080
7797
19078
-14607
14016
-28257
32280
-201
2608
-30253
27488
-20027
21765
1711
29102
7371
16919
27343
20149
26173
29837
5426
4243
13749
-3664
-22536
4437
-17408
-1840
32392
-6877
-21839
1280
-8317
21349
-11034
22336
-11976
14950
-13353
3873
19967
8390
-27803
27162
-7067
25164
15630
-32656
17845
-11748
31922
454
32215
-3427
13467
-29758
-22696
-5692
30245
18800
-14375
-12685
31097
-1918
-5103
-3315
20605
15557
-23401
5495
-9837
-31485
22623
12099
10968
2310
-18147
7028
-732
-19192
25229
21505
21355
30673
-19202
1142
14895
-15001
31016
-21543
-21627
-5159
-27514
-31228
1529
6624
