1651 2 8100 1 4b0
2089
2064
2123
2095
2084
2093
2113
2089
2119
2077
2092
2093
2106
2111
2098
2104
2105
2098
2102
2095
2096
2101
2095
2082
2108
2104
2115
2078
2092
2105
2112
1995
2118
2092
1937
2070
2080
2097
2095
2086
2101
2103
2090
2101
2104
2081
2104
2092
2086
2165
2122
2107
2146
2093
2087
2094
2119
2091
2092
2080
2087
2108
2110
2094
2105
2094
2080
2110
2103
2093
2113
2071
2089
2080
2107
2096
2084
2073
2093
2104
2123
2072
2095
2096
2258
2078
2089
2244
2175
2142
2170
2156
2137
2112
2054
1951
1878
1840
1863
1877
1980
2086
2322
2462
2617
2659
2636
2502
2332
2060
1738
1430
1194
1154
1226
1433
1768
2132
2604
3209
3286
3321
3133
2915
2482
2026
1525
1026
743
698
842
1191
1674
2209
2755
3182
3518
3653
3369
2998
2522
1932
1421
897
602
542
732
1122
1632
2244
2859
3345
3627
3675
3525
3133
2601
1961
1309
782
477
387
561
988
1542
2200
2885
3420
3757
3844
3634
3242
2709
1986
1324
787
365
318
530
938
1509
2177
2881
3455
3812
3889
3685
3272
2668
1960
1292
702
349
229
433
893
1504
2222
2911
3466
3830
3905
3738
3325
2728
2022
1284
698
267
218
504
863
1443
2151
2884
3509
3874
3962
3769
3327
2733
2050
1348
669
273
30
361
797
1387
2139
2849
3465
3863
3973
3801
3392
2777
2032
1318
676
295
174
350
774
1388
2119
2915
3483
3875
3967
3822
3374
2819
2093
1354
678
240
131
320
746
1185
2075
2851
3282
3906
3999
3842
3428
2837
2109
1381
680
242
133
345
726
1335
2089
2826
3484
3913
4039
3846
3411
2848
2107
1343
670
261
126
289
709
1352
2084
2862
3298
3919
4022
3885
3470
2857
2114
1346
654
223
119
286
706
1311
2052
2857
3506
3921
4090
3895
3472
2930
2155
1337
689
237
89
250
702
1342
2054
2847
3480
3914
4035
3885
3526
2886
2121
1348
685
244
97
266
669
1287
2060
2848
3471
3924
4030
3899
3484
3092
2136
1376
586
210
75
262
686
1281
2050
2846
3491
3923
4035
3894
3469
2882
2146
1500
671
225
137
265
668
1307
2044
2823
3466
3916
4055
3897
3488
2872
2155
1385
717
254
70
252
681
1322
2056
2829
3482
3902
4043
3919
3486
2904
2142
1378
675
252
233
247
654
1429
2040
2803
3480
0
0
0
0
0
0
0
0
0
0
0
0
0
0
0
0
0
0
0
0
0
0
0
0
0
0
0
0
0
0
0
0
0
0
0
0
0
0
0
0
0
0
0
0
0
0
0
0
0
0
0
0
0
0
0
0
0
0
0
0
0
0
0
0
0
0
0
0
0
0
0
0
0
0
0
0
0
0
0
0
0
0
0
0
0
0
0
0
0
0
0
0
0
0
0
0
0
0
0
0
0
0
0
0
0
0
0
0
0
0
0
0
0
0
0
0
0
0
0
0
0
0
0
0
0
0
0
0
0
0
0
0
0
0
0
0
0
0
0
0
0
0
0
0
0
0
0
0
0
0
0
0
0
0
0
0
0
0
0
0
0
0
0
0
0
0
0
0
0
0
0
0
0
0
0
0
0
0
0
0
0
0
0
0
0
0
0
0
0
0
0
0
16357
10011
23795
30192
16247
16637
4536
10500
30613
5322
-32543
-28515
2449
-933
9477
19714
24773
13485
-28216
1826
-17620
-26918
-14214
-693
-20826
8112
27973
-25412
-18443
19713
-14650
26470
31810
-11544
32236
-1676
-413
-7441
-225
-4218
-27651
25036
7295
-18993
27485
-2727
-4498
-13863
2319
-32186
-9602
-8956
-8880
25870
27486
-27463
10017
17140
-4282
8692
-9484
-8103
25799
-25709
-26118
9921
-26677
-14820
-193
-7271
-27087
-9858
28041
-11241
213
-18416
2288
-1156
-31644
-625
4353
-5200
22471
-16283
29977
23385
-32387
2345
-15339
18072
15772
1090
25498
-31702
-10240
2092
12782
-32560
-19963
7210
30527
-24344
-14475
-13302
-2611
-26634
29269
-26954
-16446
-16869
25484
14309
-387
-22684
-25143
-32532
1343
-31112
19807
4521
-8269
-18747
30257
391
-19112
-31642
-16727
-22164
-29289
19385
-769
-14762
-8780
29139
32703
-18979
-2994
25141
-17295
18502
-30875
26414
26179
-25795
11294
16757
-24242
17234
31877
-6736
30034
28748
-13377
916
16794
-7865
12990
17756
-26952
12788
-19148
4084
-11816
9578
5631
5149
-10255
24496
14271
11775
27844
15984
31158
17941
-1412
30660
13554
25855
-2861
-2378
-21161
4089
-28481
31193
-23584
9255
10919
13604
-28804
-15942
-18822
-11651
-25053
-27994
-20357
5646
-3257
1581
22368
-32765
23940
9841
-27454
25457
12358
10240
16875
-25700
8482
10452
10466
17797
-17159
-6048
-14899
-18871
-17519
17469
-10506
-27432
16313
-27428
-5163
-14970
-4745
-32740
-31373
9518
-1577
12464
32208
24113
3906
-19014
13605
-12176
20983
-15618
31708
-9873
-31234
17263
26931
30655
-26882
23337
19661
20494
-8394
18260
3950
1340
-20752
5226
-28873
-7285
1439
21659
29425
3411
30717
25939
-2538
-16997
-10233
19094
-6692
-29303
20202
-15071
-1647
-19193
-29243
12544
-24230
29011
-26023
-15406
24211
28132
-8499
-28285
-12225
4620
-27100
2369
21845
28929
-15925
5404
18169
-13276
-23130
-8575
-14303
-3993
-11439
13062
-20685
27943
26903
-14870
30336
25924
22270
27653
-750
2285
22098
-22886
-12500
-29677
23897
17572
30073
-9799
13818
30029
30187
12484
31423
6202
-351
4726
-10741
17820
1501
-24522
-2440
-11442
18386
31872
-24797
-25377
-17929
-28307
-16937
20325
-8765
-7874
18081
17420
-2594
-15028
2770
872
15415
-22526
30662
9409
-13923
1619
-31844
-26041
-9570
-14025
-12459
-12249
-21375
30482
-12425
-3839
14072
4919
-18507
-18459
23308
1915
27470
-30791
18750
1710
-29485
-297
-14971
-25652
-3497
-12527
-25827
18952
29100
-31345
-5799
15030
-49
-22550
-17085
-2495
-364
-14031
11683
10473
-24146
28386
26036
6844
29141
29187
-10134
31078
24003
-27548
-23265
-9589
18034
10653
23001
-12628
991
10128
29054
3669
30577
11648
-11209
16272
-7153
22645
13283
-4028
-26652
12709
21718
-28283
-11725
-682
-15364
-17039
-15667
-22256
18039
11690
29516
14641
-704
-21147
9765
-28667
27238
-7702
-119
24693
-32083
20215
-20651
26016
-23627
12272
-537
17693
-3163
19674
1838
20040
-5871
-29366
-13124
1064
-5050
29698
-28562
29265
31833
18322
-23074
-9271
-10641
12360
23849
24928
7460
-15504
4531
30044
-26273
-10015
-11535
-17809
-3915
-4989
29021
-24271
-8239
6985
-15196
-32124
17541
6398
-691
28690
24161
-32342
-9584
-14166
17073
25581
14192
-8849
13926
-7467
-22356
23366
16519
28080
7797
19078
-14607
14016
-28257
32280
-201
2608
-30253
27488
-20027
21765
1711
29102
7371
16919
27343
20149
26173
29837
5426
4243
13749
-3664
-22536
4437
-17408
-1840
32392
-6877
-21839
1280
-8317
21349
-11034
22336
-11976
14950
-13353
3873
19967
8390
-27803
27162
-7067
25164
15630
-32656
17845
-11748
31922
454
32215
-3427
13467
-29758
-22696
-5692
30245
18800
-14375
-12685
31097
-1918
-5103
-3315
20605
15557
-23401
5495
-9837
-31485
22623
12099
10968
2310
-18147
7028
-732
-19192
25229
21505
21355
30673
-19202
1142
14895
-15001
31016
-21543
-21627
-5159
-27514
-31228
1529
6624
