1651 2 8100 1 4b0
2064
2094
2097
2115
2092
2079
2088
2089
2083
2111
2103
2086
2091
2112
2072
2081
2097
2103
2083
2092
2101
2094
2105
2070
2084
2090
2090
2116
2097
2070
2083
2374
2104
2086
2098
2083
2067
2093
2107
2101
2096
2109
2070
2080
2113
2096
2094
2069
2082
1988
2082
2074
2093
2094
2053
2101
2096
2107
2088
2056
2080
2118
2095
2078
2091
2074
2092
2150
2103
2097
2106
2078
2077
2101
2103
2080
2088
2073
2078
2092
2092
2084
2111
2089
2059
2049
2078
2131
2094
2126
2126
2146
2152
2154
2158
2136
2082
1980
1886
1850
1853
1869
2039
2042
2186
2487
2548
2639
2663
2566
2387
2184
1863
1537
1249
1133
1154
1311
1586
1973
2378
2821
3179
3336
3295
3063
2690
2249
1711
1197
809
654
745
1013
1439
1986
2538
2884
3435
3576
3490
3200
2723
2178
1608
1065
678
541
607
900
1418
1995
2601
3150
3551
3751
3623
3327
2904
2245
1605
961
515
378
449
792
1283
1881
2600
3234
3682
3828
3746
3390
2932
2274
1620
904
424
277
373
717
1237
1912
2615
3252
3701
3893
3798
3460
2893
2308
1560
886
425
227
314
686
1235
1871
2628
3260
3719
3944
3843
3495
2970
2292
1695
901
380
295
295
637
1174
1867
2616
3274
3747
3940
3898
3560
3020
2322
1598
896
341
180
231
586
1131
1805
2594
3260
3723
3959
3919
3576
3038
2375
1580
897
410
102
248
580
1104
1796
2558
3282
3751
3965
3923
3593
3052
2367
1632
917
369
140
199
574
1096
1777
2643
3257
3770
4002
3951
3625
3092
2404
1627
897
417
161
186
509
1066
1748
2560
3255
3777
3982
3929
3664
3113
2406
1611
891
380
130
173
493
1057
1760
2550
3287
3768
4025
3955
3648
3108
2400
1639
907
379
111
158
486
1031
1762
2565
3262
3642
3991
3973
3647
3134
2442
1640
915
354
116
171
472
1042
1737
2535
3262
3778
4037
3992
3677
3115
2437
1638
896
381
105
123
488
1047
1756
2536
3235
3770
4042
3995
3666
3142
2422
1643
912
356
102
138
460
1042
1756
2520
3235
3768
4032
3976
3690
3166
2333
1642
933
291
125
194
471
1037
1731
2521
3266
3773
4031
3988
3683
3140
2454
1666
921
370
83
180
510
1025
1730
2508
3242
3756
4037
3987
3673
3151
2433
1638
905
372
117
136
454
1009
1749
0
0
0
0
0
0
0
0
0
0
0
0
0
0
0
0
0
0
0
0
0
0
0
0
0
0
0
0
0
0
0
0
0
0
0
0
0
0
0
0
0
0
0
0
0
0
0
0
0
0
0
0
0
0
0
0
0
0
0
0
0
0
0
0
0
0
0
0
0
0
0
0
0
0
0
0
0
0
0
0
0
0
0
0
0
0
0
0
0
0
0
0
0
0
0
0
0
0
0
0
0
0
0
0
0
0
0
0
0
0
0
0
0
0
0
0
0
0
0
0
0
0
0
0
0
0
0
0
0
0
0
0
0
0
0
0
0
0
0
0
0
0
0
0
0
0
0
0
0
0
0
0
0
0
0
0
0
0
0
0
0
0
0
0
0
0
0
0
0
0
0
0
0
0
0
0
0
0
0
0
0
0
0
0
0
0
0
0
0
0
0
0
16357
14107
22739
30192
16247
16637
4344
-22268
30613
21706
-32527
-28519
2513
-5029
9477
18690
24805
-19228
-28216
1826
-17524
-26918
-14214
-701
-20954
8112
27973
7356
-18443
19713
-14650
26478
31818
-12052
31148
-1540
-413
-7441
-2273
-4218
-27651
25032
7807
-27187
27485
-2727
-4242
-8743
2063
-27964
-9602
-8960
-8880
25870
27486
-27463
26465
16564
-186
10740
-9484
-8103
26055
-24685
-26182
9921
-26677
-14820
-129
-7271
-27087
-9866
28041
-11209
213
-2032
2290
-1156
-31644
-625
4353
-5200
22471
-16283
29977
23385
-32387
2089
-15339
17560
14748
1090
25498
-32726
-10240
2092
12782
-32560
-19951
7214
22335
-24344
-14475
-31734
-6707
-26634
29269
-27466
-16414
-16877
25484
14053
-387
-22684
-25399
-32540
-31425
-31112
23903
4521
-10573
-16683
30225
391
-19112
-31709
15529
-21140
-29417
19387
-769
-15786
-8780
29139
32703
-18595
-4018
21013
15472
18502
-30875
26414
26177
-17603
11294
-16027
-24242
17234
31877
-6736
30035
20556
-13378
916
24978
-7865
12476
17752
-26952
12788
-19148
4084
-11816
9578
7679
5149
-14351
23856
14271
11519
27840
15984
31159
22423
-1156
30660
13554
25855
-2863
-2380
-21161
3577
-28481
31177
-7200
9251
10919
13604
-28808
-16198
-18822
-11651
-27101
-28122
-20181
5646
-3257
1581
24416
-32765
23956
9841
-27582
25393
12358
10240
16875
-25720
-7838
14548
10466
17797
-25351
-6048
-14899
-18871
-17535
17461
22518
-27432
8121
-27428
-5161
-15226
-4745
-32740
-31375
9518
-1833
12512
32208
21041
3394
-2646
12581
-12240
20983
-32002
31708
-9873
-31234
17263
26931
-2049
-26882
23337
17613
20492
-8810
18260
-28818
1340
-20784
5226
-28875
-23669
1503
21915
29425
3411
30717
25939
-2505
-16997
-10233
17030
-6692
-25205
20074
-15071
-1648
-19065
-29243
12544
-22694
29011
-21927
-15406
24211
28132
-24883
-28285
-12225
4620
-26844
2369
21825
28929
-15893
5404
18168
-9180
-19034
-8575
-14079
28775
-11439
12550
-20685
28071
26902
-14868
30336
28484
4862
-5049
-2798
2285
22098
-22886
-12499
-25581
23897
16548
30073
-9743
13818
30029
30187
12484
31423
6714
-351
4726
-10741
17820
1501
-24522
-2440
-11442
18386
31904
-24797
-25377
-17929
-28307
-16941
28516
-8765
-7874
18081
17412
-2596
-15026
2770
617
15415
-22526
30662
9409
18847
9811
-31844
-26041
-9698
-14025
-12459
-12251
-21375
29970
-12425
-3839
13944
4919
-18507
-18451
22796
1915
27470
-31303
19774
1710
-13101
-297
-12923
-25656
-3497
-14447
-25828
18952
29100
-31281
-5799
15030
-179
-22550
-17085
-2493
-364
-14031
11555
10473
-24146
28384
26036
6836
29141
29187
-10134
31078
24003
-27548
-23265
-9589
18018
10653
23001
20141
5087
10192
29566
3669
30513
3456
-11209
12176
-2929
22645
13283
-4028
-26652
13221
-10537
-28283
-10701
-682
-15364
-17039
-15667
-22256
18039
11690
29532
14641
-704
-21147
10021
-28667
31470
-7701
-119
24661
-32019
20213
-20651
26016
-23627
11253
-537
17693
-1243
19674
3886
20040
-5871
-30390
-13124
1064
-4922
29706
-28562
29265
31833
18322
-23074
-11319
-10641
12360
23849
24928
7460
-15496
4529
-8868
-26273
-1888
-11599
-17793
-3915
-4989
29021
-24527
-8239
4936
-15194
1540
17541
6398
-691
28690
24161
-32350
-9296
-14166
689
25581
14192
-8915
13926
-7531
-22354
23366
16519
28080
7797
19142
-14607
14016
-28225
32280
-201
2576
-30253
27490
-18971
21765
9919
29102
3275
16919
27339
20149
26173
29837
5426
4115
13749
-3664
9720
4469
-17408
-1838
32392
-15069
-21839
1280
-8317
29541
-11034
5964
-11976
14950
-13353
3489
19967
24644
4965
27226
25700
28748
15886
-16272
18356
-11748
32434
454
32215
-3427
13755
-17466
-22696
-5691
26149
18800
-14375
-14749
31609
-18302
-4591
-3315
21629
6341
-23401
5493
-9837
-31485
20831
12099
10968
2310
-18115
2932
-732
-20216
25229
21505
21355
30673
-19202
1142
14895
17767
31016
-21543
-20603
-5167
-27514
-31228
1401
14816
